0.601885303479367
0.565779011162328
0.571053130693986
0.564502328183551
0.587503507906818
0.601511486571695
0.591563205480520
0.562623259312989
0.577211639701962
0.583275083156140
0.564988534710810
0.543005676545904
0.568631390613815
0.567249886826667
0.602149318155080
0.544131448754051
0.591857994080924
0.617559615257760
0.638362514105523
0.631589215757694
0.622066124486803
0.595087386992265
0.562893372522375
0.517572617243630
0.559699088106969
0.579694923074743
0.588137027846829
0.629259654697208
0.653041871116112
0.667424018641526
0.671846621975415
0.654801576251246
0.630263967375621
0.607262413806878
0.560383087563354
0.548916786152670
0.603922502457010
0.553994552151586
0.608568652321461
0.648437986797302
0.673107986359724
0.684702197786678
0.685107896773180
0.675403838554198
0.657818330763399
0.629235404482596
0.588886289812697
0.535878876106419
0.566387947515186
0.547048633891197
0.561810316961237
0.615904772210946
0.648246651718370
0.670174644483746
0.686387363447589
0.687616642717236
0.683778883894541
0.665464832873514
0.642205855196242
0.600732007039309
0.550979523166835
0.521286556476706
0.548665471305382
0.560357866927576
0.611200692652565
0.649718550558630
0.668504649076318
0.682303863855940
0.688764683074775
0.685195074365131
0.667711051078655
0.647019163816991
0.607990997857845
0.552266329672650
0.533011415537010
0.534209961795091
0.551413562107143
0.599912379759604
0.637421956786423
0.660602966900579
0.674530771875470
0.674615393944586
0.672109034811409
0.662006152790641
0.636115025452352
0.604253205642715
0.549511479512950
0.526543992683898
0.551874552128794
0.537392159953948
0.581777417359326
0.615276293772174
0.638609826468863
0.649468857593249
0.654969598348655
0.654249220027103
0.647621599925650
0.625884853359063
0.589196642994437
0.540914685390338
0.561614138099305
0.532765484492273
0.541725774244673
0.584854402512258
0.608779943804719
0.625912862497229
0.628130345765862
0.628792796950383
0.611919367298567
0.588535063280936
0.553099045187819
0.541281377572309
0.529249516204026
0.502621473003804
0.539078648317674
0.564169473742441
0.584197863604388
0.594377892588974
0.590023048888993
0.575093776313235
0.546144479269967
0.516803582002940
0.548812918916008
0.523590344640805
0.533840468739247
0.523621562303208
0.532281762500575
0.539616099977736
0.537869875582667
0.525382678562090
0.543162457835005
0.548002586722156
0.535609742871933
0.516428535639162
0.529534563652210
0.522711088757617
0.549203170414173