0.601885
0.565779
0.571053
0.564502
0.587504
0.601511
0.591563
0.562623
0.577212
0.583275
0.564989
0.543006
0.568631
0.56725
0.602149
0.544131
0.591858
0.61756
0.638363
0.631589
0.622066
0.595087
0.562893
0.517573
0.559699
0.579695
0.588137
0.62926
0.752514
0.766896
0.771318
0.754273
0.729736
0.607262
0.560383
0.548917
0.603923
0.553995
0.608569
0.74791
0.689618
0.661642
0.662048
0.652344
0.674329
0.728707
0.588886
0.535879
0.566388
0.547049
0.56181
0.615905
0.747718
0.647115
0.686251
0.704127
0.683642
0.642405
0.741678
0.600732
0.55098
0.521287
0.548665
0.560358
0.611201
0.74919
0.645445
0.698814
0.788237
0.701705
0.644651
0.746491
0.607991
0.552266
0.533011
0.53421
0.551414
0.599912
0.736894
0.637543
0.674394
0.691126
0.671973
0.638946
0.735587
0.604253
0.549511
0.526544
0.551875
0.537392
0.581777
0.714748
0.65512
0.626409
0.63191
0.631189
0.664132
0.725357
0.589197
0.540915
0.561614
0.532765
0.541726
0.584854
0.708252
0.725385
0.727602
0.728265
0.711391
0.588535
0.553099
0.541281
0.52925
0.502621
0.539079
0.564169
0.584198
0.594378
0.590023
0.575094
0.546144
0.516804
0.548813
0.52359
0.53384
0.523622
0.532282
0.539616
0.53787
0.525383
0.543162
0.548003
0.53561
0.516429
0.529535
0.522711
0.549203
