0:
1, -0.8, -0.8, 1, -0.1, 0.05, 7, 0, 
0, 0.3, 0, 0.1, 0, 0, 0, 0, 
0, 0, 0, 0, -0.07, 0, 0.3, 0, 

---
1:
1, -0.8, -0.8, 1, -0.1, 0.05, 7, 0, 
0, 0.3, 0, 0.1, 0, 0, 0, 0, 
0, 0, 0, 0, -0.07, 0, 0.3, 0, 

---
151:
0.5, -0.5, -0.6, 0.6, -2, 2, 0, 0, 
0, 0.3, 0, 0.1, 0, 0, 0, 0, 
0, 0, 0, 0, -0.1, 0, 0.3, 0, 

---
151.05:
0.5, -0.5, -0.6, 0.6, -2, 2, 0, 0, 
0, 0.3, 0, 0.1, 0, 0, 0, 0, 
0, 0, 0, 0, -0.1, 0, 0.3, 0, 

---
151.1:
0.5, -0.5, -0.6, 0.6, -2, 2, 0, 0, 
0, 0.3, 0, 0.1, 0, 0, 0, 0, 
0, 0, 0, 0, -0.2, 0, 0.3, 0, 

---
151.15:
0.5, -0.5, -0.6, 0.6, -2, 2, 0, 0, 
0, 0.3, 0, 0.1, 0, 0, 0, 0, 
0, 0, 0, 0, -0.2, 0, 0.3, 0, 

---
151.2:
0.5, -0.5, -0.6, 0.6, -2, 2, 0, 0, 
0, 0.3, 0, 0.1, 0, 0, 0, 0, 
0, 0, 0, 0, -0.3, 0, 0.3, 0, 

---
151.25:
0.5, -0.5, -0.6, 0.6, -2, 2, 0, 0, 
0, 0.3, 0, 0.1, 0, 0, 0, 0, 
0, 0, 0, 0, -0.3, 0, 0.3, 0, 

---
151.3:
0.5, -0.5, -0.6, 0.6, -2, 2, 0, 0, 
0, 0.3, 0, 0.1, 0, 0, 0, 0, 
0, 0, 0, 0, -0.4, 0, 0.3, 0, 

---
151.35:
0.5, -0.5, -0.6, 0.6, -2, 2, 0, 0, 
0, 0.3, 0, 0.1, 0, 0, 0, 0, 
0, 0, 0, 0, -0.4, 0, 0.3, 0, 

---
151.4:
0.5, -0.5, -0.6, 0.6, -2, 2, 0, 0, 
0, 0.3, 0, 0.1, 0, 0, 0, 0, 
0, 0, 0, 0, -0.5, 0, 0.3, 0, 

---
151.45:
0.5, -0.5, -0.6, 0.6, -2, 2, 0, 0, 
0, 0.3, 0, 0.1, 0, 0, 0, 0, 
0, 0, 0, 0, -0.5, 0, 0.3, 0, 

---
151.5:
0.5, -0.5, -0.6, 0.6, -2, 2, 0, 0, 
0, 0.3, 0, 0.1, 0, 0, 0, 0, 
0, 0, 0, 0, -0.5, 0, 0.3, 0, 

---
151.55:
0.5, -0.5, -0.6, 0.6, -2, 2, 0, 0, 
0, 0.3, 0, 0.1, 0, 0, 0, 0, 
0, 0, 0, 0, -0.6, 0, 0.3, 0, 

---
151.6:
0.5, -0.5, -0.6, 0.6, -2, 2, 0, 0, 
0, 0.3, 0, 0.1, 0, 0, 0, 0, 
0, 0, 0, 0, -0.6, 0, 0.3, 0, 

---
151.65:
0.5, -0.5, -0.6, 0.6, -2, 2, 0, 0, 
0, 0.3, 0, 0.1, 0, 0, 0, 0, 
0, 0, 0, 0, -0.7, 0, 0.3, 0, 

---
151.7:
0.5, -0.5, -0.6, 0.6, -2, 2, 0, 0, 
0, 0.3, 0, 0.1, 0, 0, 0, 0, 
0, 0, 0, 0, -0.7, 0, 0.3, 0, 

---
151.75:
0.5, -0.5, -0.6, 0.6, -2, 2, 0, 0, 
0, 0.3, 0, 0.1, 0, 0, 0, 0, 
0, 0, 0, 0, -0.8, 0, 0.3, 0, 

---
151.8:
0.5, -0.5, -0.6, 0.6, -2, 2, 0, 0, 
0, 0.3, 0, 0.1, 0, 0, 0, 0, 
0, 0, 0, 0, -0.8, 0, 0.3, 0, 

---
151.85:
0.5, -0.5, -0.6, 0.6, -2, 2, 0, 0, 
0, 0.3, 0, 0.1, 0, 0, 0, 0, 
0, 0, 0, 0, -0.9, 0, 0.3, 0, 

---
151.9:
0.5, -0.5, -0.6, 0.6, -2, 2, 0, 0, 
0, 0.3, 0, 0.1, 0, 0, 0, 0, 
0, 0, 0, 0, -0.9, 0, 0.3, 0, 

---
151.95:
0.5, -0.5, -0.6, 0.6, -2, 2, 0, 0, 
0, 0.3, 0, 0.1, 0, 0, 0, 0, 
0, 0, 0, 0, -1, 0, 0.3, 0, 

---
152:
0.5, -0.5, -0.6, 0.6, -2, 2, 0, 0, 
0, 0.3, 0, 0.1, 0, 0, 0, 0, 
0, 0, 0, 0, -1, 0, 0.3, 0, 

---
153:
0.5, -0.5, -0.6, 0.6, -2, 2, 0, 0, 
0, 0.3, 0, 0.1, 0, 0, 0, 0, 
0, 0, 0, 0, -1, -0.5, 0.04, 0, 

---
171:
0.5, -0.5, -0.6, 0.6, -2, 2, 0, 0, 
0, 0, 0, 0, 0, 0, 0, 0, 
0, 0, 0, 0, -1, -0.5, 0, 0, 

---
171.05:
0.5, -0.5, -0.6, 0.6, -2, 2, 0, 0, 
0, 0, 0, 0, 0, 0, 0, 0, 
0, 0, 0, 0, -0.9, -0.5, 0, 0, 

---
171.1:
0.5, -0.5, -0.6, 0.6, -2, 2, 0, 0, 
0, 0, 0, 0, 0, 0, 0, 0, 
0, 0, 0, 0, -0.9, -0.5, 0, 0, 

---
171.15:
0.5, -0.5, -0.6, 0.6, -2, 2, 0, 0, 
0, 0, 0, 0, 0, 0, 0, 0, 
0, 0, 0, 0, -0.8, -0.5, 0, 0, 

---
171.2:
0.5, -0.5, -0.6, 0.6, -2, 2, 0, 0, 
0, 0, 0, 0, 0, 0, 0, 0, 
0, 0, 0, 0, -0.7, -0.5, 0, 0, 

---
171.25:
0.5, -0.5, -0.6, 0.6, -2, 2, 0, 0, 
0, 0, 0, 0, 0, 0, 0, 0, 
0, 0, 0, 0, -0.7, -0.5, 0, 0, 

---
171.3:
0.5, -0.5, -0.6, 0.6, -2, 2, 0, 0, 
0, 0, 0, 0, 0, 0, 0, 0, 
0, 0, 0, 0, -0.6, -0.5, 0, 0, 

---
171.35:
0.5, -0.5, -0.6, 0.6, -2, 2, 0, 0, 
0, 0, 0, 0, 0, 0, 0, 0, 
0, 0, 0, 0, -0.5, -0.5, 0, 0, 

---
171.4:
0.5, -0.5, -0.6, 0.6, -2, 2, 0, 0, 
0, 0, 0, 0, 0, 0, 0, 0, 
0, 0, 0, 0, -0.5, -0.5, 0, 0, 

---
171.45:
0.5, -0.5, -0.6, 0.6, -2, 2, 0, 0, 
0, 0, 0, 0, 0, 0, 0, 0, 
0, 0, 0, 0, -0.4, -0.5, 0, 0, 

---
171.5:
0.5, -0.5, -0.6, 0.6, -2, 2, 0, 0, 
0, 0, 0, 0, 0, 0, 0, 0, 
0, 0, 0, 0, -0.4, -0.5, 0, 0, 

---
171.55:
0.5, -0.5, -0.6, 0.6, -2, 2, 0, 0, 
0, 0, 0, 0, 0, 0, 0, 0, 
0, 0, 0, 0, -0.3, -0.5, 0, 0, 

---
171.6:
0.5, -0.5, -0.6, 0.6, -2, 2, 0, 0, 
0, 0, 0, 0, 0, 0, 0, 0, 
0, 0, 0, 0, -0.2, -0.5, 0, 0, 

---
171.65:
0.5, -0.5, -0.6, 0.6, -2, 2, 0, 0, 
0, 0, 0, 0, 0, 0, 0, 0, 
0, 0, 0, 0, -0.2, -0.5, 0, 0, 

---
171.7:
0.5, -0.5, -0.6, 0.6, -2, 2, 0, 0, 
0, 0, 0, 0, 0, 0, 0, 0, 
0, 0, 0, 0, -0.09, -0.5, 0, 0, 

---
171.75:
0.5, -0.5, -0.6, 0.6, -2, 2, 0, 0, 
0, 0, 0, 0, 0, 0, 0, 0, 
0, 0, 0, 0, -0.03, -0.5, 0, 0, 

---
171.8:
0.5, -0.5, -0.6, 0.6, -2, 2, 0, 0, 
0, 0, 0, 0, 0, 0, 0, 0, 
0, 0, 0, 0, 0.04, -0.5, 0, 0, 

---
171.85:
0.5, -0.5, -0.6, 0.6, -2, 2, 0, 0, 
0, 0, 0, 0, 0, 0, 0, 0, 
0, 0, 0, 0, 0.1, -0.5, 0, 0, 

---
171.9:
0.5, -0.5, -0.6, 0.6, -2, 2, 0, 0, 
0, 0, 0, 0, 0, 0, 0, 0, 
0, 0, 0, 0, 0.2, -0.5, 0, 0, 

---
171.95:
0.5, -0.5, -0.6, 0.6, -2, 2, 0, 0, 
0, 0, 0, 0, 0, 0, 0, 0, 
0, 0, 0, 0, 0.2, -0.5, 0, 0, 

---
172:
0.5, -0.5, -0.6, 0.6, -2, 2, 0, 0, 
0, 0, 0, 0, 0, 0, 0, 0, 
0, 0, 0, 0, 0.3, -0.5, 0, 0, 

---
177:
0.5, -0.5, -0.6, 0.6, -2, 2, 0, 0, 
0, 0, 0, 0.05, 0, 0, 0, 0, 
0, 0, 0, 0, -0.8, -0.5, 0.1, 0, 

---
206:
0.5, -0.5, -0.6, 0.6, -2, 2, 0, 0, 
0, 0, 0, 0.1, 0, 0, 0, 0, 
0, 0, 0, 0, -0.5, -0.5, 0.3, 0, 

---
206.3:
0.5, -0.5, -0.6, 0.6, -2, 2, 0, 0, 
0, 0, 0, 0.1, 0, 0, 0, 0, 
0, 0, 0, 0, -0.8, -0.5, 0.3, 0, 

---
206.6:
0.5, -0.5, -0.6, 0.6, -2, 2, 0, 0, 
0, 0, 0, 0.1, 0, 0, 0, 0, 
0, 0, 0, 0, -1, -0.5, 0.3, 0, 

---
206.9:
0.5, -0.5, -0.6, 0.6, -2, 2, 0, 0, 
0, 0, 0, 0.1, 0, 0, 0, 0, 
0, 0, 0, 0, -1, -0.5, 0.3, 0, 

---
207.2:
0.5, -0.5, -0.6, 0.6, -2, 2, 0, 0, 
0, 0, 0, 0.1, 0, 0, 0, 0, 
0, 0, 0, 0, -2, -0.5, 0.3, 0, 

---
207.5:
0.5, -0.5, -0.6, 0.6, -2, 2, 0, 0, 
0, 0, 0, 0.1, 0, 0, 0, 0, 
0, 0, 0, 0, -2, -0.5, 0.3, 0, 

---
207.8:
0.5, -0.5, -0.6, 0.6, -2, 2, 0, 0, 
0, 0, 0, 0.1, 0, 0, 0, 0, 
0, 0, 0, 0, -2, -0.5, 0.3, 0, 

---
208.1:
0.5, -0.5, -0.6, 0.6, -2, 2, 0, 0, 
0, 0, 0, 0.1, 0, 0, 0, 0, 
0, 0, 0, 0, -2, -0.5, 0.3, 0, 

---
208.4:
0.5, -0.5, -0.6, 0.6, -2, 2, 0, 0, 
0, 0, 0, 0.1, 0, 0, 0, 0, 
0, 0, 0, 0, -3, -0.5, 0.3, 0, 

---
208.7:
0.5, -0.5, -0.6, 0.6, -2, 2, 0, 0, 
0, 0, 0, 0.1, 0, 0, 0, 0, 
0, 0, 0, 0, -3, -0.5, 0.3, 0, 

---
209:
0.5, -0.5, -0.6, 0.6, -2, 2, 0, 0, 
0, 0, 0, 0.1, 0, 0, 0, 0, 
0, 0, 0, 0, -3, -0.5, 0.3, 0, 

---
213:
0.5, -0.5, -0.6, 0.6, -2, 2, 0, 0, 
0, 0, 0, 0.1, 0, 0, 0, 0, 
0, 0, 0, 0, -3, -0.5, 0.3, 0, 

---
213.3:
0.5, -0.5, -0.6, 0.6, -2, 2, 0, 0, 
0, 0, 0, 0.1, 0, 0, 0, 0, 
0, 0, 0, 0, -3, -0.5, 0.3, 0, 

---
213.6:
0.5, -0.5, -0.6, 0.6, -2, 2, 0, 0, 
0, 0, 0, 0.1, 0, 0, 0, 0, 
0, 0, 0, 0, -3, -0.5, 0.3, 0, 

---
213.9:
0.5, -0.5, -0.6, 0.6, -2, 2, 0, 0, 
0, 0, 0, 0.1, 0, 0, 0, 0, 
0, 0, 0, 0, -2, -0.5, 0.3, 0, 

---
214.2:
0.5, -0.5, -0.6, 0.6, -2, 2, 0, 0, 
0, 0, 0, 0.1, 0, 0, 0, 0, 
0, 0, 0, 0, -2, -0.5, 0.3, 0, 

---
214.5:
0.5, -0.5, -0.6, 0.6, -2, 2, 0, 0, 
0, 0, 0, 0.1, 0, 0, 0, 0, 
0, 0, 0, 0, -2, -0.5, 0.3, 0, 

---
214.8:
0.5, -0.5, -0.6, 0.6, -2, 2, 0, 0, 
0, 0, 0, 0.1, 0, 0, 0, 0, 
0, 0, 0, 0, -2, -0.5, 0.3, 0, 

---
215.1:
0.5, -0.5, -0.6, 0.6, -2, 2, 0, 0, 
0, 0, 0, 0.1, 0, 0, 0, 0, 
0, 0, 0, 0, -1, -0.5, 0.3, 0, 

---
215.4:
0.5, -0.5, -0.6, 0.6, -2, 2, 0, 0, 
0, 0, 0, 0.1, 0, 0, 0, 0, 
0, 0, 0, 0, -1, -0.5, 0.3, 0, 

---
215.7:
0.5, -0.5, -0.6, 0.6, -2, 2, 0, 0, 
0, 0, 0, 0.1, 0, 0, 0, 0, 
0, 0, 0, 0, -0.8, -0.5, 0.3, 0, 

---
216:
0.5, -0.5, -0.6, 0.6, -2, 2, 0, 0, 
0, 0, 0, 0.1, 0, 0, 0, 0, 
0, 0, 0, 0, 1, -0.5, 0.01, 0, 

---
221.4:
0.5, -0.5, -0.6, 0.6, -2, 2, 0, 0, 
0, 0, 0, 0.1, 0, 0, 0, 0, 
0, 0, 0, 0, 1, -0.5, 0, 0, 

---
227.4:
0.5, -0.5, -0.6, 0.6, -2, 2, 0, 0, 
0, 0, 0, 0.05, 0, 0, 0, 0, 
0, 0, 0, 0, -0.8, -0.5, 0.1, 0, 

---
256.4:
1, -0.8, -0.8, 1, -0.1, 0.05, 7, 0, 
0, 0.3, 0, 0.1, 0, 0, 0, 0, 
0, 0, 0, 0, -0.07, 0, 0.3, 0, 

---
